{"producer":{"name":"Blender","version":"2.81 (sub 16)","exporter_version":"6.3.0","file":"KnightWithTextureNoCam.babylon"},
"autoClear":true,"clearColor":[0.3562,0.3672,0.0437],"gravity":[0,-9.81,0],
"materials":[{"name":"Material.002","id":"Material.002","customType":"BABYLON.PBRMaterial","backFaceCulling":true,"checkReadyOnlyOnce":false,"maxSimultaneousLights":4,"environmentIntensity":1,"reflectivity":[0.5,0.5,0.5],"roughness":0.5,"alpha":1,"transparencyMode":0,"alphaCutOff":0.4,"metallic":0, 
"albedoTexture":{"name":"Diffuse.png","level":1,"hasAlpha":true,"coordinatesMode":0,"uOffset":0,"vOffset":0,"uScale":1,"vScale":1,"uAng":0,"vAng":0,"wAng":0,"wrapU":1,"wrapV":1,"coordinatesIndex":0},"useAlphaFromAlbedoTexture":true}],
"multiMaterials":[],
"skeletons":[{"name":"Armature","id":0,"dimensionsAtRest":[0.6682,1.1269,0.5213],"bones":[
{"name":"Mundo","index":0,"matrix":[-1,0,0,0,0,0,-1,0,0,1,0,0,0,0,0,1],"rest":[-1,0,0,0,0,0,-1,0,0,1,0,0,0,0,0,1],"parentBoneIndex":-1,"length":0.1997
,"animation":{"dataType":3,"framePerSecond":60,"keys":[
{"frame":0,"values":[-1,0,0,0,0,0,-1,0,0,1,0,0,0,0,0,1]},
{"frame":32,"values":[-1,0,0,0,0,0,-1,0,0,1,0,0,0,0,0,1]},
{"frame":40,"values":[-1,0,0,0,0,0,-1,0,0,1,0,0,0,0,0,1]},
{"frame":60,"values":[-1,0,0,0,0,0,-1,0,0,1,0,0,0,0,0,1]},
{"frame":70,"values":[-1,0,0,0,0,0,-1,0,0,1,0,0,0,0,0,1]},
{"frame":90,"values":[-1,0,0,0,0,0,-1,0,0,1,0,0,0,0,0,1]},
{"frame":100,"values":[-1,0,0,0,0,0,-1,0,0,1,0,0,0,0,0,1]},
{"frame":120,"values":[-1,0,0,0,0,0,-1,0,0,1,0,0,0,0,0,1]},
{"frame":130,"values":[-1,0,0,0,0,0,-1,0,0,1,0,0,0,0,0,1]},
{"frame":240,"values":[-1,0,0,0,0,0,-1,0,0,1,0,0,0,0,0,1]},
{"frame":250,"values":[-1,0,0,0,0,0,-1,0,0,1,0,0,0,0,0,1]},
{"frame":285,"values":[-1,0,0,0,0,0,-1,0,0,1,0,0,0,0,0,1]},
{"frame":290,"values":[-1,0,0,0,0,0,-1,0,0,1,0,0,0,0,0,1]},
{"frame":314,"values":[-1,0,0,0,0,0,-1,0,0,1,0,0,0,0,0,1]},
{"frame":320,"values":[-1,0,0,0,0,0,-1,0,0,1,0,0,0,0,0,1]},
{"frame":344,"values":[-1,0,0,0,0,0,-1,0,0,1,0,0,0,0,0,1]}],"loopBehavior":1,"name":"anim","property":"_matrix"}},
{"name":"cadera","index":1,"matrix":[0.9998,-0.0202,0.0088,0,0.0037,0.548,0.8365,0,-0.0217,-0.8362,0.548,0,-0.0047,-0.0322,0.111,1],"rest":[1,0,0,0,0,0.3532,0.9355,0,0,-0.9355,0.3532,0,0,-0.0169,0.1064,1],"parentBoneIndex":0,"length":0.0899
,"animation":{"dataType":3,"framePerSecond":60,"keys":[
{"frame":0,"values":[0.9998,0,0.0209,0,-0.0195,0.3532,0.9353,0,-0.0074,-0.9355,0.3531,0,0,-0.0322,0.0903,1]},
{"frame":1,"values":[0.9998,-0.0004,0.0209,0,-0.0195,0.3353,0.9419,0,-0.0074,-0.9421,0.3353,0,0,-0.0322,0.0903,1]},
{"frame":2,"values":[0.9998,-0.0016,0.0208,0,-0.0195,0.2826,0.9591,0,-0.0074,-0.9592,0.2825,0,0,-0.0322,0.0903,1]},
{"frame":3,"values":[0.9998,-0.0032,0.0206,0,-0.0195,0.205,0.9786,0,-0.0074,-0.9788,0.2049,0,0,-0.0322,0.0903,1]},
{"frame":4,"values":[0.9998,-0.0048,0.0203,0,-0.0195,0.1262,0.9918,0,-0.0074,-0.992,0.126,0,0,-0.0322,0.0903,1]},
{"frame":5,"values":[0.9998,-0.006,0.02,0,-0.0195,0.0709,0.9973,0,-0.0074,-0.9975,0.0708,0,0,-0.0322,0.0903,1]},
{"frame":6,"values":[0.9998,-0.0063,0.0199,0,-0.0195,0.0519,0.9985,0,-0.0074,-0.9986,0.0518,0,0,-0.0322,0.0903,1]},
{"frame":7,"values":[0.9998,-0.0063,0.0199,0,-0.0195,0.0519,0.9985,0,-0.0074,-0.9986,0.0518,0,0,-0.0263,0.0916,1]},
{"frame":8,"values":[0.9998,-0.0063,0.0199,0,-0.0195,0.0519,0.9985,0,-0.0074,-0.9986,0.0518,0,0,-0.009,0.0941,1]},
{"frame":9,"values":[0.9998,-0.0063,0.0199,0,-0.0195,0.0519,0.9985,0,-0.0074,-0.9986,0.0518,0,0,0.0141,0.0945,1]},
{"frame":10,"values":[0.9998,-0.0063,0.0199,0,-0.0195,0.0519,0.9985,0,-0.0074,-0.9986,0.0518,0,0,0.0344,0.0903,1]},
{"frame":11,"values":[0.9998,-0.0063,0.0199,0,-0.0195,0.0522,0.9984,0,-0.0074,-0.9986,0.052,0,0,0.0558,0.0798,1]},
{"frame":12,"values":[0.9998,-0.0063,0.0199,0,-0.0195,0.0538,0.9984,0,-0.0074,-0.9985,0.0536,0,0,0.0816,0.0636,1]},
{"frame":13,"values":[0.9998,-0.0062,0.0199,0,-0.0195,0.0582,0.9981,0,-0.0074,-0.9983,0.0581,0,0,0.1017,0.0496,1]},
{"frame":14,"values":[0.9998,-0.0061,0.02,0,-0.0195,0.0655,0.9977,0,-0.0074,-0.9978,0.0654,0,0,0.1085,0.0445,1]},
{"frame":15,"values":[0.9998,-0.0052,0.0202,0,-0.0196,0.1071,0.9941,0,-0.0074,-0.9942,0.1069,0,0,0.1085,0.0445,1]},
{"frame":16,"values":[0.9998,-0.0029,0.0208,0,-0.0196,0.2176,0.9758,0,-0.0074,-0.976,0.2175,0,0,0.1085,0.0445,1]},
{"frame":17,"values":[0.9998,0.0007,0.0211,0,-0.0197,0.3849,0.9228,0,-0.0074,-0.923,0.3848,0,0,0.1085,0.0445,1]},
{"frame":18,"values":[0.9998,0.0051,0.0205,0,-0.0198,0.5678,0.8229,0,-0.0075,-0.8231,0.5678,0,0,0.1085,0.0445,1]},
{"frame":19,"values":[0.9998,0.009,0.019,0,-0.0197,0.7212,0.6924,0,-0.0075,-0.6926,0.7212,0,0,0.1085,0.0445,1]},
{"frame":20,"values":[0.9998,0.012,0.0171,0,-0.0195,0.8273,0.5614,0,-0.0074,-0.5616,0.8274,0,0,0.1085,0.0445,1]},
{"frame":21,"values":[0.9998,0.0147,0.0145,0,-0.0194,0.9124,0.4089,0,-0.0072,-0.4091,0.9125,0,0,0.1085,0.0513,1]},
{"frame":22,"values":[0.9998,0.0175,0.0109,0,-0.0193,0.98,0.1978,0,-0.0072,-0.198,0.9802,0,0,0.1085,0.0709,1]},
{"frame":23,"values":[0.9998,0.0197,0.0063,0,-0.0194,0.9989,-0.043,0,-0.0072,0.0429,0.9991,0,0,0.1085,0.099,1]},
{"frame":24,"values":[0.9998,0.0206,0.0021,0,-0.0194,0.9676,-0.2516,0,-0.0073,0.2515,0.9678,0,0,0.1085,0.1272,1]},
{"frame":25,"values":[0.9998,0.0208,-0.0006,0,-0.0195,0.9249,-0.3798,0,-0.0073,0.3797,0.9251,0,0,0.1085,0.1468,1]},
{"frame":26,"values":[0.9998,0.0208,-0.0015,0,-0.0195,0.9072,-0.4203,0,-0.0074,0.4202,0.9074,0,0,0.1085,0.1535,1]},
{"frame":32,"values":[0.9998,0.0208,-0.0015,0,-0.0195,0.9072,-0.4203,0,-0.0074,0.4202,0.9074,0,0,0.1085,0.1535,1]},
{"frame":40,"values":[0.9998,0,0.0209,0,-0.0195,0.3532,0.9353,0,-0.0074,-0.9355,0.3531,0,0,-0.0322,0.0903,1]},
{"frame":41,"values":[0.9993,0.0325,0.0194,0,-0.0294,0.3428,0.9389,0,0.0239,-0.9388,0.3436,0,0,-0.0322,0.0888,1]},
{"frame":42,"values":[0.9921,0.1244,0.0171,0,-0.0554,0.3117,0.9486,0,0.1127,-0.942,0.3161,0,0,-0.0322,0.0845,1]},
{"frame":43,"values":[0.9703,0.241,0.0181,0,-0.0844,0.2678,0.9598,0,0.2265,-0.9328,0.2803,0,0,-0.0322,0.079,1]},
{"frame":44,"values":[0.944,0.3293,0.0219,0,-0.1032,0.2313,0.9674,0,0.3135,-0.9155,0.2524,0,0,-0.0322,0.0747,1]},
{"frame":45,"values":[0.9327,0.3598,0.0239,0,-0.109,0.218,0.9698,0,0.3437,-0.9072,0.2425,0,0,-0.0322,0.0732,1]},
{"frame":46,"values":[0.9378,0.3466,0.0189,0,-0.1055,0.2328,0.9668,0,0.3307,-0.9087,0.2549,0,0,-0.0322,0.0752,1]},
{"frame":47,"values":[0.9516,0.3074,0.0054,0,-0.0944,0.2753,0.9567,0,0.2926,-0.9109,0.291,0,0,-0.0322,0.0809,1]},
{"frame":48,"values":[0.9684,0.2491,-0.0114,0,-0.0752,0.3349,0.9392,0,0.2378,-0.9087,0.3431,0,0,-0.0322,0.0891,1]},
{"frame":49,"values":[0.9817,0.1891,-0.0247,0,-0.0524,0.3922,0.9184,0,0.1833,-0.9002,0.3949,0,0,-0.0322,0.0972,1]},
{"frame":50,"values":[0.9887,0.1466,-0.0319,0,-0.0347,0.4303,0.902,0,0.1459,-0.8907,0.4305,0,0,-0.0322,0.1029,1]},
{"frame":51,"values":[0.9907,0.1319,-0.034,0,-0.0282,0.443,0.8961,0,0.1332,-0.8867,0.4426,0,0,-0.0322,0.1049,1]},
{"frame":52,"values":[0.9859,0.1647,-0.0291,0,-0.0424,0.4143,0.9092,0,0.1618,-0.8951,0.4154,0,0,-0.0322,0.1005,1]},
{"frame":53,"values":[0.9684,0.2491,-0.0114,0,-0.0752,0.3349,0.9392,0,0.2378,-0.9087,0.3431,0,0,-0.0322,0.0891,1]},
{"frame":54,"values":[0.9439,0.3301,0.013,0,-0.101,0.251,0.9627,0,0.3145,-0.91,0.2702,0,0,-0.0322,0.0776,1]},
{"frame":55,"values":[0.9327,0.3598,0.0239,0,-0.109,0.218,0.9698,0,0.3437,-0.9072,0.2425,0,0,-0.0322,0.0732,1]},
{"frame":56,"values":[0.944,0.3293,0.0219,0,-0.1032,0.2313,0.9674,0,0.3135,-0.9155,0.2524,0,0,-0.0322,0.0747,1]},
{"frame":57,"values":[0.9703,0.241,0.0181,0,-0.0844,0.2678,0.9598,0,0.2265,-0.9328,0.2803,0,0,-0.0322,0.079,1]},
{"frame":58,"values":[0.9921,0.1244,0.0171,0,-0.0554,0.3117,0.9486,0,0.1127,-0.942,0.3161,0,0,-0.0322,0.0845,1]},
{"frame":59,"values":[0.9993,0.0325,0.0194,0,-0.0294,0.3428,0.9389,0,0.0239,-0.9388,0.3436,0,0,-0.0322,0.0888,1]},
{"frame":60,"values":[0.9998,0,0.0209,0,-0.0195,0.3532,0.9353,0,-0.0074,-0.9355,0.3531,0,0,-0.0322,0.0903,1]},
{"frame":70,"values":[0.9998,0,0.0209,0,-0.0195,0.3532,0.9353,0,-0.0074,-0.9355,0.3531,0,0,-0.0322,0.0903,1]},
{"frame":71,"values":[0.9993,-0.0327,0.0187,0,-0.0063,0.3434,0.9392,0,-0.0372,-0.9386,0.343,0,0,-0.0322,0.0888,1]},
{"frame":72,"values":[0.9921,-0.125,0.0105,0,0.0294,0.3133,0.9492,0,-0.1219,-0.9414,0.3145,0,0,-0.0322,0.0845,1]},
{"frame":73,"values":[0.9704,-0.2416,-0.004,0,0.0711,0.2695,0.9604,0,-0.231,-0.9322,0.2786,0,0,-0.0322,0.079,1]},
{"frame":74,"values":[0.944,-0.3295,-0.0183,0,0.0997,0.2319,0.9676,0,-0.3146,-0.9152,0.2518,0,0,-0.0322,0.0747,1]},
{"frame":75,"values":[0.9327,-0.3598,-0.0239,0,0.109,0.218,0.9698,0,-0.3437,-0.9072,0.2425,0,0,-0.0322,0.0732,1]},
{"frame":76,"values":[0.9378,-0.3466,-0.0189,0,0.1055,0.2328,0.9668,0,-0.3307,-0.9087,0.2549,0,0,-0.0322,0.0752,1]},
{"frame":77,"values":[0.9516,-0.3074,-0.0054,0,0.0944,0.2753,0.9567,0,-0.2926,-0.9109,0.291,0,0,-0.0322,0.0809,1]},
{"frame":78,"values":[0.9684,-0.2491,0.0114,0,0.0752,0.3349,0.9392,0,-0.2378,-0.9087,0.3431,0,0,-0.0322,0.0891,1]},
{"frame":79,"values":[0.9817,-0.1891,0.0247,0,0.0524,0.3922,0.9184,0,-0.1833,-0.9002,0.3949,0,0,-0.0322,0.0972,1]},
{"frame":80,"values":[0.9887,-0.1466,0.0319,0,0.0347,0.4303,0.902,0,-0.1459,-0.8907,0.4305,0,0,-0.0322,0.1029,1]},
{"frame":81,"values":[0.9907,-0.1319,0.034,0,0.0282,0.443,0.8961,0,-0.1332,-0.8867,0.4426,0,0,-0.0322,0.1049,1]},
{"frame":82,"values":[0.9859,-0.1647,0.0291,0,0.0424,0.4143,0.9092,0,-0.1618,-0.8951,0.4154,0,0,-0.0322,0.1005,1]},
{"frame":83,"values":[0.9684,-0.2491,0.0114,0,0.0752,0.3349,0.9392,0,-0.2378,-0.9087,0.3431,0,0,-0.0322,0.0891,1]},
{"frame":84,"values":[0.9439,-0.3301,-0.013,0,0.101,0.251,0.9627,0,-0.3145,-0.91,0.2702,0,0,-0.0322,0.0776,1]},
{"frame":85,"values":[0.9327,-0.3598,-0.0239,0,0.109,0.218,0.9698,0,-0.3437,-0.9072,0.2425,0,0,-0.0322,0.0732,1]},
{"frame":86,"values":[0.944,-0.3295,-0.0183,0,0.0997,0.2319,0.9676,0,-0.3146,-0.9152,0.2518,0,0,-0.0322,0.0747,1]},
{"frame":87,"values":[0.9704,-0.2416,-0.004,0,0.0711,0.2695,0.9604,0,-0.231,-0.9322,0.2786,0,0,-0.0322,0.079,1]},
{"frame":88,"values":[0.9921,-0.125,0.0105,0,0.0294,0.3133,0.9492,0,-0.1219,-0.9414,0.3145,0,0,-0.0322,0.0845,1]},
{"frame":89,"values":[0.9993,-0.0327,0.0187,0,-0.0063,0.3434,0.9392,0,-0.0372,-0.9386,0.343,0,0,-0.0322,0.0888,1]},
{"frame":90,"values":[0.9998,0,0.0209,0,-0.0195,0.3532,0.9353,0,-0.0074,-0.9355,0.3531,0,0,-0.0322,0.0903,1]},
{"frame":100,"values":[0.9998,0,0.0209,0,-0.0195,0.3532,0.9353,0,-0.0074,-0.9355,0.3531,0,0,-0.0322,0.0903,1]},
{"frame":101,"values":[0.9951,-0.0955,0.0261,0,0.0082,0.3427,0.9394,0,-0.0987,-0.9346,0.3418,0,0,-0.0364,0.1023,1]},
{"frame":102,"values":[0.9568,-0.2887,0.0333,0,0.0614,0.3128,0.9478,0,-0.2841,-0.9049,0.317,0,0,-0.0427,0.115,1]},
{"frame":103,"values":[0.8655,-0.4997,0.035,0,0.1145,0.2654,0.9573,0,-0.4877,-0.8245,0.2869,0,0,-0.0495,0.1056,1]},
{"frame":104,"values":[0.7142,-0.6994,0.0286,0,0.1583,0.2011,0.9667,0,-0.6818,-0.6859,0.2544,0,0,-0.0591,0.0837,1]},
{"frame":105,"values":[0.6445,-0.7642,0.0239,0,0.1705,0.1742,0.9698,0,-0.7453,-0.621,0.2425,0,0,-0.0632,0.0732,1]},
{"frame":106,"values":[0.6769,-0.7349,0.0407,0,0.1539,0.1953,0.9686,0,-0.7198,-0.6494,0.2453,0,0,-0.0573,0.0766,1]},
{"frame":107,"values":[0.767,-0.6355,0.088,0,0.1006,0.2546,0.9618,0,-0.6336,-0.7289,0.2592,0,0,-0.04,0.0865,1]},
{"frame":108,"values":[0.8777,-0.4557,0.1486,0,0.0116,0.3301,0.9439,0,-0.4792,-0.8267,0.295,0,0,-0.0153,0.1008,1]},
{"frame":109,"values":[0.955,-0.2272,0.1907,0,-0.0901,0.3902,0.9163,0,-0.2826,-0.8923,0.3521,0,0,0.0095,0.115,1]},
{"frame":110,"values":[0.9812,-0.0168,0.1925,0,-0.1674,0.4236,0.8902,0,-0.0965,-0.9057,0.4128,0,0,0.0268,0.1249,1]},
{"frame":111,"values":[0.9789,0.1319,0.1558,0,-0.1988,0.443,0.8742,0,0.0462,-0.8867,0.4599,0,0,0.0327,0.1283,1]},
{"frame":112,"values":[0.9663,0.2469,0.0733,0,-0.1854,0.469,0.8635,0,0.1788,-0.848,0.499,0,0,0.018,0.112,1]},
{"frame":113,"values":[0.9433,0.3299,-0.0364,0,-0.1434,0.5039,0.8518,0,0.2993,-0.7983,0.5227,0,0,-0.0144,0.0775,1]},
{"frame":114,"values":[0.9327,0.348,-0.0946,0,-0.109,0.522,0.8459,0,0.3437,-0.7787,0.5248,0,0,-0.0322,0.0623,1]},
{"frame":115,"values":[0.9417,0.3207,-0.1012,0,-0.0843,0.5165,0.8521,0,0.3256,-0.7939,0.5135,0,0,-0.0352,0.0652,1]},
{"frame":116,"values":[0.9623,0.2592,-0.0822,0,-0.0576,0.4899,0.8699,0,0.2657,-0.8324,0.4864,0,0,-0.0363,0.0706,1]},
{"frame":117,"values":[0.984,0.1721,-0.0468,0,-0.0355,0.4461,0.8943,0,0.1747,-0.8783,0.445,0,0,-0.0356,0.0776,1]},
{"frame":118,"values":[0.9964,0.0835,-0.0109,0,-0.0234,0.3989,0.9167,0,0.0809,-0.9132,0.3994,0,0,-0.0341,0.0843,1]},
{"frame":119,"values":[0.9997,0.0214,0.0129,0,-0.0198,0.365,0.9308,0,0.0152,-0.9308,0.3653,0,0,-0.0327,0.0888,1]},
{"frame":120,"values":[0.9998,0,0.0209,0,-0.0195,0.3532,0.9353,0,-0.0074,-0.9355,0.3531,0,0,-0.0322,0.0903,1]},
{"frame":130,"values":[0.9998,0,0.0209,0,-0.0195,0.3532,0.9353,0,-0.0074,-0.9355,0.3531,0,0,-0.0322,0.0903,1]},
{"frame":131,"values":[0.9998,0,0.0208,0,-0.0195,0.3532,0.9353,0,-0.0074,-0.9355,0.3531,0,0,-0.0322,0.0903,1]},
{"frame":132,"values":[0.9998,0,0.0207,0,-0.0194,0.3532,0.9353,0,-0.0073,-0.9355,0.3531,0,0,-0.0322,0.0903,1]},
{"frame":133,"values":[0.9998,0,0.0205,0,-0.0192,0.3532,0.9354,0,-0.0072,-0.9355,0.3531,0,0,-0.0322,0.0903,1]},
{"frame":134,"values":[0.9998,0,0.0202,0,-0.0189,0.3532,0.9354,0,-0.0071,-0.9355,0.3531,0,0,-0.0322,0.0903,1]},
{"frame":135,"values":[0.9998,0,0.0198,0,-0.0185,0.3532,0.9354,0,-0.007,-0.9355,0.3531,0,0,-0.0322,0.0903,1]},
{"frame":136,"values":[0.9998,0,0.0193,0,-0.0181,0.3532,0.9354,0,-0.0068,-0.9355,0.3531,0,0,-0.0322,0.0904,1]},
{"frame":137,"values":[0.9998,0,0.0187,0,-0.0175,0.3532,0.9354,0,-0.0066,-0.9355,0.3531,0,0,-0.0322,0.0904,1]},
{"frame":138,"values":[0.9998,0,0.0181,0,-0.0169,0.3532,0.9354,0,-0.0064,-0.9355,0.3531,0,0,-0.0322,0.0905,1]},
{"frame":139,"values":[0.9998,0,0.0173,0,-0.0162,0.3532,0.9354,0,-0.0061,-0.9355,0.3531,0,0,-0.0322,0.0906,1]},
{"frame":140,"values":[0.9999,0,0.0165,0,-0.0154,0.3532,0.9354,0,-0.0058,-0.9355,0.3531,0,0,-0.0322,0.0907,1]},
{"frame":141,"values":[0.9999,0,0.0156,0,-0.0146,0.3532,0.9354,0,-0.0055,-0.9355,0.3532,0,0,-0.0322,0.0908,1]},
{"frame":142,"values":[0.9999,0,0.0147,0,-0.0137,0.3532,0.9354,0,-0.0052,-0.9355,0.3532,0,0,-0.0322,0.091,1]},
{"frame":143,"values":[0.9999,0,0.0137,0,-0.0128,0.3532,0.9355,0,-0.0048,-0.9355,0.3532,0,0,-0.0322,0.0911,1]},
{"frame":144,"values":[0.9999,0,0.0127,0,-0.0118,0.3532,0.9355,0,-0.0045,-0.9355,0.3532,0,0,-0.0322,0.0914,1]},
{"frame":145,"values":[0.9999,0,0.0116,0,-0.0109,0.3532,0.9355,0,-0.0041,-0.9355,0.3532,0,0,-0.0322,0.0916,1]},
{"frame":146,"values":[0.9999,0,0.0106,0,-0.0099,0.3532,0.9355,0,-0.0038,-0.9355,0.3532,0,0,-0.0322,0.0919,1]},
{"frame":147,"values":[1,0,0.0096,0,-0.009,0.3532,0.9355,0,-0.0034,-0.9355,0.3532,0,0,-0.0322,0.0922,1]},
{"frame":148,"values":[1,0,0.0086,0,-0.0081,0.3532,0.9355,0,-0.003,-0.9355,0.3532,0,0,-0.0322,0.0925,1]},
{"frame":149,"values":[1,0,0.0076,0,-0.0072,0.3532,0.9355,0,-0.0027,-0.9355,0.3532,0,0,-0.0322,0.0928,1]},
{"frame":150,"values":[1,0,0.0067,0,-0.0063,0.3532,0.9355,0,-0.0024,-0.9355,0.3532,0,0,-0.0322,0.0932,1]},
{"frame":151,"values":[1,0,0.0057,0,-0.0054,0.3532,0.9355,0,-0.002,-0.9355,0.3532,0,0,-0.0322,0.0936,1]},
{"frame":152,"values":[1,0,0.0046,0,-0.0043,0.3532,0.9355,0,-0.0016,-0.9355,0.3532,0,0,-0.0322,0.0942,1]},
{"frame":153,"values":[1,0,0.0034,0,-0.0032,0.3532,0.9355,0,-0.0012,-0.9355,0.3532,0,0,-0.0322,0.0949,1]},
{"frame":154,"values":[1,0,0.0022,0,-0.002,0.3532,0.9355,0,-0.0008,-0.9355,0.3532,0,0,-0.0322,0.0957,1]},
{"frame":155,"values":[1,0,0.0008,0,-0.0007,0.3532,0.9355,0,-0.0003,-0.9355,0.3532,0,0,-0.0322,0.0966,1]},
{"frame":156,"values":[1,0,-0.0007,0,0.0006,0.3532,0.9355,0,0.0002,-0.9355,0.3532,0,0,-0.0322,0.0977,1]},
{"frame":157,"values":[1,0,-0.0022,0,0.0021,0.3532,0.9355,0,0.0008,-0.9355,0.3532,0,0,-0.0322,0.0988,1]},
{"frame":158,"values":[1,0,-0.0038,0,0.0036,0.3532,0.9355,0,0.0013,-0.9355,0.3532,0,0,-0.0322,0.1001,1]},
{"frame":159,"values":[1,0,-0.0054,0,0.0051,0.3532,0.9355,0,0.0019,-0.9355,0.3532,0,0,-0.0322,0.1014,1]},
{"frame":160,"values":[1,0,-0.0071,0,0.0066,0.3532,0.9355,0,0.0025,-0.9355,0.3532,0,0,-0.0322,0.1028,1]},
{"frame":161,"values":[1,0,-0.0087,0,0.0082,0.3532,0.9355,0,0.0031,-0.9355,0.3532,0,0,-0.0322,0.1042,1]},
{"frame":162,"values":[0.9999,0,-0.0103,0,0.0097,0.3532,0.9355,0,0.0037,-0.9355,0.3532,0,0,-0.0322,0.1056,1]},
{"frame":163,"values":[0.9999,0,-0.0119,0,0.0111,0.3532,0.9355,0,0.0042,-0.9355,0.3532,0,0,-0.0322,0.107,1]},
{"frame":164,"values":[0.9999,0,-0.0134,0,0.0125,0.3532,0.9355,0,0.0047,-0.9355,0.3532,0,0,-0.0322,0.1084,1]},
{"frame":165,"values":[0.9999,0,-0.0147,0,0.0138,0.3532,0.9354,0,0.0052,-0.9355,0.3532,0,0,-0.0322,0.1097,1]},
{"frame":166,"values":[0.9999,0,-0.016,0,0.015,0.3532,0.9354,0,0.0057,-0.9355,0.3532,0,0,-0.0322,0.1108,1]},
{"frame":167,"values":[0.9999,0,-0.0171,0,0.016,0.3532,0.9354,0,0.0061,-0.9355,0.3531,0,0,-0.0322,0.1119,1]},
{"frame":168,"values":[0.9998,0,-0.0181,0,0.017,0.3532,0.9354,0,0.0064,-0.9355,0.3531,0,0,-0.0322,0.1129,1]},
{"frame":169,"values":[0.9998,0,-0.019,0,0.0178,0.3532,0.9354,0,0.0067,-0.9355,0.3531,0,0,-0.0322,0.1137,1]},
{"frame":170,"values":[0.9998,0,-0.0197,0,0.0184,0.3532,0.9354,0,0.0069,-0.9355,0.3531,0,0,-0.0322,0.1143,1]},
{"frame":171,"values":[0.9998,0,-0.0202,0,0.0189,0.3532,0.9354,0,0.0071,-0.9355,0.3531,0,0,-0.0322,0.1149,1]},
{"frame":172,"values":[0.9998,0,-0.0206,0,0.0192,0.3532,0.9354,0,0.0073,-0.9355,0.3531,0,0,-0.0322,0.1152,1]},
{"frame":173,"values":[0.9998,0,-0.0208,0,0.0194,0.3532,0.9353,0,0.0073,-0.9355,0.3531,0,0,-0.0322,0.1155,1]},
{"frame":174,"values":[0.9998,0,-0.0209,0,0.0195,0.3532,0.9353,0,0.0074,-0.9355,0.3531,0,0,-0.0322,0.1155,1]},
{"frame":175,"values":[0.9998,0,-0.0208,0,0.0195,0.3532,0.9353,0,0.0074,-0.9355,0.3531,0,0,-0.0322,0.1155,1]},
{"frame":176,"values":[0.9998,0,-0.0208,0,0.0194,0.3532,0.9353,0,0.0073,-0.9355,0.3531,0,0,-0.0322,0.1155,1]},
{"frame":177,"values":[0.9998,0,-0.0207,0,0.0193,0.3532,0.9353,0,0.0073,-0.9355,0.3531,0,0,-0.0322,0.1154,1]},
{"frame":178,"values":[0.9998,0,-0.0205,0,0.0192,0.3532,0.9354,0,0.0072,-0.9355,0.3531,0,0,-0.0322,0.1153,1]},
{"frame":179,"values":[0.9998,0,-0.0203,0,0.019,0.3532,0.9354,0,0.0072,-0.9355,0.3531,0,0,-0.0322,0.1152,1]},
{"frame":180,"values":[0.9998,0,-0.0201,0,0.0188,0.3532,0.9354,0,0.0071,-0.9355,0.3531,0,0,-0.0322,0.1151,1]},
{"frame":181,"values":[0.9998,0,-0.0198,0,0.0185,0.3532,0.9354,0,0.007,-0.9355,0.3531,0,0,-0.0322,0.1149,1]},
{"frame":182,"values":[0.9998,0,-0.0195,0,0.0182,0.3532,0.9354,0,0.0069,-0.9355,0.3531,0,0,-0.0322,0.1147,1]},
{"frame":183,"values":[0.9998,0,-0.0191,0,0.0179,0.3532,0.9354,0,0.0068,-0.9355,0.3531,0,0,-0.0322,0.1145,1]},
{"frame":184,"values":[0.9998,0,-0.0187,0,0.0175,0.3532,0.9354,0,0.0066,-0.9355,0.3531,0,0,-0.0322,0.1142,1]},
{"frame":185,"values":[0.9998,0,-0.0183,0,0.0171,0.3532,0.9354,0,0.0065,-0.9355,0.3531,0,0,-0.0322,0.114,1]},
{"frame":186,"values":[0.9998,0,-0.0178,0,0.0166,0.3532,0.9354,0,0.0063,-0.9355,0.3531,0,0,-0.0322,0.1137,1]},
{"frame":187,"values":[0.9999,0,-0.0173,0,0.0161,0.3532,0.9354,0,0.0061,-0.9355,0.3531,0,0,-0.0322,0.1134,1]},
{"frame":188,"values":[0.9999,0,-0.0167,0,0.0156,0.3532,0.9354,0,0.0059,-0.9355,0.3531,0,0,-0.0322,0.113,1]},
{"frame":189,"values":[0.9999,0,-0.0161,0,0.015,0.3532,0.9354,0,0.0057,-0.9355,0.3532,0,0,-0.0322,0.1126,1]},
{"frame":190,"values":[0.9999,0,-0.0154,0,0.0144,0.3532,0.9354,0,0.0054,-0.9355,0.3532,0,0,-0.0322,0.1122,1]},
{"frame":191,"values":[0.9999,0,-0.0147,0,0.0138,0.3532,0.9354,0,0.0052,-0.9355,0.3532,0,0,-0.0322,0.1118,1]},
{"frame":192,"values":[0.9999,0,-0.014,0,0.0131,0.3532,0.9355,0,0.0049,-0.9355,0.3532,0,0,-0.0322,0.1114,1]},
{"frame":193,"values":[0.9999,0,-0.0133,0,0.0124,0.3532,0.9355,0,0.0047,-0.9355,0.3532,0,0,-0.0322,0.1109,1]},
{"frame":194,"values":[0.9999,0,-0.0125,0,0.0117,0.3532,0.9355,0,0.0044,-0.9355,0.3532,0,0,-0.0322,0.1105,1]},
{"frame":195,"values":[0.9999,0,-0.0116,0,0.0109,0.3532,0.9355,0,0.0041,-0.9355,0.3532,0,0,-0.0322,0.11,1]},
{"frame":196,"values":[0.9999,0,-0.0108,0,0.0101,0.3532,0.9355,0,0.0038,-0.9355,0.3532,0,0,-0.0322,0.1094,1]},
{"frame":197,"values":[1,0,-0.0099,0,0.0093,0.3532,0.9355,0,0.0035,-0.9355,0.3532,0,0,-0.0322,0.1089,1]},
{"frame":198,"values":[1,0,-0.009,0,0.0084,0.3532,0.9355,0,0.0032,-0.9355,0.3532,0,0,-0.0322,0.1083,1]},
{"frame":199,"values":[1,0,-0.008,0,0.0075,0.3532,0.9355,0,0.0028,-0.9355,0.3532,0,0,-0.0322,0.1078,1]},
{"frame":200,"values":[1,0,-0.0071,0,0.0066,0.3532,0.9355,0,0.0025,-0.9355,0.3532,0,0,-0.0322,0.1072,1]},
{"frame":201,"values":[1,0,-0.0061,0,0.0057,0.3532,0.9355,0,0.0022,-0.9355,0.3532,0,0,-0.0322,0.1066,1]},
{"frame":202,"values":[1,0,-0.0051,0,0.0048,0.3532,0.9355,0,0.0018,-0.9355,0.3532,0,0,-0.0322,0.106,1]},
{"frame":203,"values":[1,0,-0.0041,0,0.0039,0.3532,0.9355,0,0.0015,-0.9355,0.3532,0,0,-0.0322,0.1054,1]},
{"frame":204,"values":[1,0,-0.0031,0,0.0029,0.3532,0.9355,0,0.0011,-0.9355,0.3532,0,0,-0.0322,0.1048,1]},
{"frame":205,"values":[1,0,-0.0021,0,0.0019,0.3532,0.9355,0,0.0007,-0.9355,0.3532,0,0,-0.0322,0.1042,1]},
{"frame":206,"values":[1,0,-0.001,0,0.001,0.3532,0.9355,0,0.0004,-0.9355,0.3532,0,0,-0.0322,0.1035,1]},
{"frame":207,"values":[1,0,0,0,0,0.3532,0.9355,0,0,-0.9355,0.3532,0,0,-0.0322,0.1029,1]},
{"frame":208,"values":[1,0,0.001,0,-0.001,0.3532,0.9355,0,-0.0004,-0.9355,0.3532,0,0,-0.0322,0.1023,1]},
{"frame":209,"values":[1,0,0.0021,0,-0.0019,0.3532,0.9355,0,-0.0007,-0.9355,0.3532,0,0,-0.0322,0.1017,1]},
{"frame":210,"values":[1,0,0.0031,0,-0.0029,0.3532,0.9355,0,-0.0011,-0.9355,0.3532,0,0,-0.0322,0.101,1]},
{"frame":211,"values":[1,0,0.0041,0,-0.0039,0.3532,0.9355,0,-0.0015,-0.9355,0.3532,0,0,-0.0322,0.1004,1]},
{"frame":212,"values":[1,0,0.0051,0,-0.0048,0.3532,0.9355,0,-0.0018,-0.9355,0.3532,0,0,-0.0322,0.0998,1]},
{"frame":213,"values":[1,0,0.0061,0,-0.0057,0.3532,0.9355,0,-0.0022,-0.9355,0.3532,0,0,-0.0322,0.0992,1]},
{"frame":214,"values":[1,0,0.0071,0,-0.0066,0.3532,0.9355,0,-0.0025,-0.9355,0.3532,0,0,-0.0322,0.0986,1]},
{"frame":215,"values":[1,0,0.008,0,-0.0075,0.3532,0.9355,0,-0.0028,-0.9355,0.3532,0,0,-0.0322,0.098,1]},
{"frame":216,"values":[1,0,0.009,0,-0.0084,0.3532,0.9355,0,-0.0032,-0.9355,0.3532,0,0,-0.0322,0.0975,1]},
{"frame":217,"values":[1,0,0.0099,0,-0.0093,0.3532,0.9355,0,-0.0035,-0.9355,0.3532,0,0,-0.0322,0.0969,1]},
{"frame":218,"values":[0.9999,0,0.0108,0,-0.0101,0.3532,0.9355,0,-0.0038,-0.9355,0.3532,0,0,-0.0322,0.0964,1]},
{"frame":219,"values":[0.9999,0,0.0116,0,-0.0109,0.3532,0.9355,0,-0.0041,-0.9355,0.3532,0,0,-0.0322,0.0959,1]},
{"frame":220,"values":[0.9999,0,0.0125,0,-0.0117,0.3532,0.9355,0,-0.0044,-0.9355,0.3532,0,0,-0.0322,0.0954,1]},
{"frame":221,"values":[0.9999,0,0.0133,0,-0.0124,0.3532,0.9355,0,-0.0047,-0.9355,0.3532,0,0,-0.0322,0.0949,1]},
{"frame":222,"values":[0.9999,0,0.014,0,-0.0131,0.3532,0.9355,0,-0.005,-0.9355,0.3532,0,0,-0.0322,0.0944,1]},
{"frame":223,"values":[0.9999,0,0.0147,0,-0.0138,0.3532,0.9354,0,-0.0052,-0.9355,0.3532,0,0,-0.0322,0.094,1]},
{"frame":224,"values":[0.9999,0,0.0154,0,-0.0144,0.3532,0.9354,0,-0.0054,-0.9355,0.3532,0,0,-0.0322,0.0936,1]},
{"frame":225,"values":[0.9999,0,0.0161,0,-0.015,0.3532,0.9354,0,-0.0057,-0.9355,0.3532,0,0,-0.0322,0.0932,1]},
{"frame":226,"values":[0.9999,0,0.0167,0,-0.0156,0.3532,0.9354,0,-0.0059,-0.9355,0.3531,0,0,-0.0322,0.0928,1]},
{"frame":227,"values":[0.9999,0,0.0173,0,-0.0161,0.3532,0.9354,0,-0.0061,-0.9355,0.3531,0,0,-0.0322,0.0925,1]},
{"frame":228,"values":[0.9998,0,0.0178,0,-0.0166,0.3532,0.9354,0,-0.0063,-0.9355,0.3531,0,0,-0.0322,0.0922,1]},
{"frame":229,"values":[0.9998,0,0.0183,0,-0.0171,0.3532,0.9354,0,-0.0065,-0.9355,0.3531,0,0,-0.0322,0.0919,1]},
{"frame":230,"values":[0.9998,0,0.0187,0,-0.0175,0.3532,0.9354,0,-0.0066,-0.9355,0.3531,0,0,-0.0322,0.0916,1]},
{"frame":231,"values":[0.9998,0,0.0191,0,-0.0179,0.3532,0.9354,0,-0.0068,-0.9355,0.3531,0,0,-0.0322,0.0913,1]},
{"frame":232,"values":[0.9998,0,0.0195,0,-0.0182,0.3532,0.9354,0,-0.0069,-0.9355,0.3531,0,0,-0.0322,0.0911,1]},
{"frame":233,"values":[0.9998,0,0.0198,0,-0.0185,0.3532,0.9354,0,-0.007,-0.9355,0.3531,0,0,-0.0322,0.0909,1]},
{"frame":234,"values":[0.9998,0,0.0201,0,-0.0188,0.3532,0.9354,0,-0.0071,-0.9355,0.3531,0,0,-0.0322,0.0908,1]},
{"frame":235,"values":[0.9998,0,0.0203,0,-0.019,0.3532,0.9354,0,-0.0072,-0.9355,0.3531,0,0,-0.0322,0.0906,1]},
{"frame":236,"values":[0.9998,0,0.0205,0,-0.0192,0.3532,0.9354,0,-0.0072,-0.9355,0.3531,0,0,-0.0322,0.0905,1]},
{"frame":237,"values":[0.9998,0,0.0207,0,-0.0193,0.3532,0.9353,0,-0.0073,-0.9355,0.3531,0,0,-0.0322,0.0904,1]},
{"frame":238,"values":[0.9998,0,0.0208,0,-0.0194,0.3532,0.9353,0,-0.0073,-0.9355,0.3531,0,0,-0.0322,0.0904,1]},
{"frame":239,"values":[0.9998,0,0.0208,0,-0.0195,0.3532,0.9353,0,-0.0074,-0.9355,0.3531,0,0,-0.0322,0.0903,1]},
{"frame":240,"values":[0.9998,0,0.0209,0,-0.0195,0.3532,0.9353,0,-0.0074,-0.9355,0.3531,0,0,-0.0322,0.0903,1]},
{"frame":250,"values":[0.9998,0,0.0209,0,-0.0195,0.3532,0.9353,0,-0.0074,-0.9355,0.3531,0,0,-0.0322,0.0903,1]},
{"frame":251,"values":[0.9998,0.0002,0.0209,0,-0.0195,0.3638,0.9313,0,-0.0074,-0.9315,0.3638,0,0,-0.0342,0.0897,1]},
{"frame":252,"values":[0.9998,0.0009,0.0208,0,-0.0195,0.3945,0.9187,0,-0.0074,-0.9189,0.3945,0,0,-0.0404,0.0878,1]},
{"frame":253,"values":[0.9998,0.0019,0.0208,0,-0.0195,0.4379,0.8988,0,-0.0074,-0.899,0.4379,0,0,-0.0495,0.0852,1]},
{"frame":254,"values":[0.9998,0.0029,0.0206,0,-0.0195,0.4804,0.8769,0,-0.0074,-0.8771,0.4803,0,0,-0.059,0.0828,1]},
{"frame":255,"values":[0.9998,0.0036,0.0205,0,-0.0195,0.5092,0.8604,0,-0.0074,-0.8606,0.5092,0,0,-0.0663,0.0814,1]},
{"frame":256,"values":[0.9998,0.0038,0.0205,0,-0.0195,0.519,0.8546,0,-0.0074,-0.8548,0.5189,0,0,-0.0702,0.0814,1]},
{"frame":257,"values":[0.9998,0.0038,0.0205,0,-0.0195,0.5188,0.8547,0,-0.0074,-0.8549,0.5188,0,0,-0.0716,0.082,1]},
{"frame":258,"values":[0.9998,0.0038,0.0205,0,-0.0195,0.5177,0.8553,0,-0.0074,-0.8555,0.5177,0,0,-0.0719,0.0834,1]},
{"frame":259,"values":[0.9998,0.0037,0.0205,0,-0.0195,0.5142,0.8575,0,-0.0074,-0.8577,0.5141,0,0,-0.0707,0.0867,1]},
{"frame":260,"values":[0.9998,0.0035,0.0205,0,-0.0195,0.5069,0.8618,0,-0.0074,-0.862,0.5069,0,0,-0.0682,0.0936,1]},
{"frame":261,"values":[0.9998,0.0033,0.0206,0,-0.0195,0.4955,0.8684,0,-0.0074,-0.8686,0.4954,0,0,-0.0648,0.1046,1]},
{"frame":262,"values":[0.9998,0.0029,0.0206,0,-0.0195,0.4804,0.8769,0,-0.0074,-0.8771,0.4803,0,0,-0.061,0.1193,1]},
{"frame":263,"values":[0.9998,0.0025,0.0207,0,-0.0195,0.4585,0.8885,0,-0.0073,-0.8887,0.4585,0,0,-0.0543,0.162,1]},
{"frame":264,"values":[0.9998,0.0019,0.0206,0,-0.0195,0.4266,0.9043,0,-0.007,-0.9045,0.4265,0,0,-0.0428,0.2517,1]},
{"frame":265,"values":[0.9998,0.0012,0.0206,0,-0.0194,0.3886,0.9212,0,-0.0068,-0.9214,0.3885,0,0,-0.0298,0.3592,1]},
{"frame":266,"values":[0.9998,0.0004,0.0206,0,-0.0194,0.3522,0.9357,0,-0.0069,-0.9359,0.3522,0,0,-0.0203,0.4405,1]},
{"frame":267,"values":[0.9998,-0.0007,0.0208,0,-0.0195,0.3234,0.9461,0,-0.0074,-0.9463,0.3233,0,0,-0.0171,0.469,1]},
{"frame":268,"values":[0.9997,-0.002,0.0235,0,-0.0218,0.2986,0.9541,0,-0.0089,-0.9544,0.2985,0,0,-0.0151,0.4616,1]},
{"frame":269,"values":[0.9995,-0.0038,0.0307,0,-0.0285,0.2736,0.9614,0,-0.012,-0.9618,0.2733,0,0,-0.0095,0.439,1]},
{"frame":270,"values":[0.9991,-0.0062,0.0418,0,-0.039,0.2496,0.9676,0,-0.0164,-0.9683,0.2491,0,0,-0.0014,0.4015,1]},
{"frame":271,"values":[0.9984,-0.0089,0.0553,0,-0.0518,0.2283,0.9722,0,-0.0213,-0.9736,0.2275,0,0,0.0073,0.3525,1]},
{"frame":272,"values":[0.9976,-0.0117,0.0687,0,-0.0647,0.2112,0.9753,0,-0.0259,-0.9774,0.21,0,0,0.0139,0.298,1]},
{"frame":273,"values":[0.9967,-0.014,0.0796,0,-0.0753,0.1994,0.977,0,-0.0296,-0.9798,0.1977,0,0,0.0161,0.2447,1]},
{"frame":274,"values":[0.9961,-0.0155,0.0866,0,-0.082,0.1927,0.9778,0,-0.0318,-0.9811,0.1907,0,0,0.0126,0.198,1]},
{"frame":275,"values":[0.9959,-0.0159,0.0889,0,-0.0842,0.1907,0.978,0,-0.0325,-0.9815,0.1886,0,0,0.0033,0.1608,1]},
{"frame":276,"values":[0.9973,-0.009,0.0732,0,-0.068,0.2735,0.9595,0,-0.0286,-0.9618,0.2721,0,0,-0.0207,0.125,1]},
{"frame":277,"values":[0.9993,0.0014,0.0377,0,-0.0344,0.4442,0.8953,0,-0.0155,-0.8959,0.4439,0,0,-0.0554,0.0927,1]},
{"frame":278,"values":[0.9998,0.0038,0.0205,0,-0.0195,0.519,0.8546,0,-0.0074,-0.8548,0.5189,0,0,-0.0702,0.0814,1]},
{"frame":279,"values":[0.9998,0.0036,0.0204,0,-0.0193,0.5118,0.8589,0,-0.0073,-0.8591,0.5117,0,0,-0.0684,0.0818,1]},
{"frame":280,"values":[0.9998,0.003,0.0204,0,-0.0192,0.4903,0.8713,0,-0.0073,-0.8715,0.4903,0,0,-0.0633,0.083,1]},
{"frame":281,"values":[0.9998,0.0023,0.0205,0,-0.0192,0.4571,0.8892,0,-0.0073,-0.8894,0.457,0,0,-0.0556,0.0848,1]},
{"frame":282,"values":[0.9998,0.0014,0.0206,0,-0.0193,0.4186,0.908,0,-0.0074,-0.9082,0.4185,0,0,-0.0468,0.0869,1]},
{"frame":283,"values":[0.9998,0.0007,0.0208,0,-0.0194,0.384,0.9231,0,-0.0074,-0.9233,0.3839,0,0,-0.039,0.0887,1]},
{"frame":284,"values":[0.9998,0.0002,0.0208,0,-0.0195,0.361,0.9324,0,-0.0074,-0.9326,0.3609,0,0,-0.0339,0.0899,1]},
{"frame":285,"values":[0.9998,0,0.0209,0,-0.0195,0.3532,0.9353,0,-0.0074,-0.9355,0.3531,0,0,-0.0322,0.0903,1]},
{"frame":290,"values":[0.9978,-0.0627,0.0203,0,0.0175,0.5488,0.8358,0,-0.0636,-0.8336,0.5487,0,0,-0.0724,0.0984,1]},
{"frame":291,"values":[0.9978,-0.0628,-0.0229,0,0.0544,0.5637,0.8242,0,-0.0389,-0.8236,0.5659,0,0,-0.0647,0.1047,1]},
{"frame":292,"values":[0.996,-0.0314,-0.0832,0,0.0852,0.605,0.7917,0,0.0255,-0.7956,0.6052,0,0,-0.0424,0.123,1]},
{"frame":293,"values":[0.992,0.0401,-0.12,0,0.0658,0.6467,0.7599,0,0.1081,-0.7617,0.6388,0,0.0065,-0.0103,0.1494,1]},
{"frame":294,"values":[0.9817,0.1146,-0.1523,0,0.0388,0.662,0.7485,0,0.1866,-0.7407,0.6454,0,0.013,0.0217,0.1757,1]},
{"frame":295,"values":[0.9704,0.1759,-0.1656,0,0.0272,0.6015,0.7984,0,0.24,-0.7793,0.5789,0,0.0124,0.0441,0.1941,1]},
{"frame":296,"values":[0.9652,0.2133,-0.1511,0,0.0473,0.4259,0.9035,0,0.257,-0.8793,0.401,0,0.0107,0.0517,0.2004,1]},
{"frame":297,"values":[0.9689,0.207,-0.1356,0,0.0861,0.2318,0.9689,0,0.232,-0.9505,0.2068,0,0.0084,0.0441,0.1941,1]},
{"frame":298,"values":[0.9793,0.1575,-0.127,0,0.1029,0.1528,0.9829,0,0.1742,-0.9756,0.1334,0,0.0065,0.0217,0.1757,1]},
{"frame":299,"values":[0.9922,0.0783,-0.0972,0,0.083,0.1675,0.9824,0,0.0932,-0.9828,0.1597,0,0.0046,-0.0103,0.1494,1]},
{"frame":300,"values":[0.9991,-0.0147,-0.0402,0,0.0424,0.2224,0.974,0,-0.0054,-0.9748,0.2228,0,0.0023,-0.0424,0.123,1]},
{"frame":301,"values":[0.9943,-0.0996,0.0376,0,-0.0044,0.3138,0.9495,0,-0.1063,-0.9443,0.3116,0,0.0006,-0.0647,0.1047,1]},
{"frame":302,"values":[0.9806,-0.1574,0.1168,0,-0.0398,0.4237,0.9049,0,-0.1919,-0.892,0.4092,0,0,-0.0724,0.0984,1]},
{"frame":303,"values":[0.9673,-0.1832,0.1752,0,-0.054,0.5266,0.8484,0,-0.2477,-0.8302,0.4995,0,0,-0.0647,0.1047,1]},
{"frame":304,"values":[0.9624,-0.1839,0.1998,0,-0.0499,0.6034,0.7959,0,-0.2669,-0.7759,0.5716,0,0,-0.0424,0.123,1]},
{"frame":305,"values":[0.9642,-0.1758,0.1985,0,-0.0385,0.6481,0.7606,0,-0.2623,-0.741,0.6181,0,-0.0065,-0.0103,0.1494,1]},
{"frame":306,"values":[0.9683,-0.1686,0.1842,0,-0.0273,0.6617,0.7492,0,-0.2482,-0.7305,0.6362,0,-0.013,0.0217,0.1757,1]},
{"frame":307,"values":[0.9735,-0.1641,0.1591,0,-0.0292,0.6011,0.7986,0,-0.2266,-0.7822,0.5804,0,-0.0124,0.0441,0.1941,1]},
{"frame":308,"values":[0.9791,-0.1578,0.1281,0,-0.0499,0.4243,0.9041,0,-0.197,-0.8917,0.4076,0,-0.0107,0.0517,0.2004,1]},
{"frame":309,"values":[0.984,-0.1362,0.1148,0,-0.0817,0.2279,0.9702,0,-0.1583,-0.9641,0.2132,0,-0.0084,0.0441,0.1941,1]},
{"frame":310,"values":[0.9877,-0.1064,0.1143,0,-0.0978,0.1493,0.9839,0,-0.1217,-0.983,0.1371,0,-0.0065,0.0217,0.1757,1]},
{"frame":311,"values":[0.992,-0.0801,0.0976,0,-0.0793,0.2065,0.9752,0,-0.0983,-0.9752,0.1985,0,-0.0046,-0.0103,0.1494,1]},
{"frame":312,"values":[0.9958,-0.0645,0.0643,0,-0.0371,0.3564,0.9336,0,-0.0831,-0.9321,0.3525,0,-0.0023,-0.0424,0.123,1]},
{"frame":313,"values":[0.9976,-0.0618,0.0322,0,0.0028,0.4981,0.8671,0,-0.0697,-0.8649,0.497,0,-0.0006,-0.0647,0.1047,1]},
{"frame":314,"values":[0.9978,-0.0627,0.0203,0,0.0175,0.5488,0.8358,0,-0.0636,-0.8336,0.5487,0,0,-0.0724,0.0984,1]},
{"frame":320,"values":[0.9752,0.2202,0.0204,0,-0.1373,0.5308,0.8363,0,0.1734,-0.8184,0.5479,0,0,-0.0322,0.0903,1]},
{"frame":321,"values":[0.9838,0.1774,0.0272,0,-0.1198,0.5358,0.8358,0,0.1337,-0.8255,0.5484,0,0.0006,-0.0322,0.0929,1]},
{"frame":322,"values":[0.9963,0.0798,0.0322,0,-0.0706,0.5446,0.8357,0,0.0492,-0.8349,0.5483,0,0.0024,-0.0322,0.1007,1]},
{"frame":323,"values":[0.9999,0.0147,-0.0033,0,-0.0053,0.5479,0.8366,0,0.0141,-0.8364,0.5479,0,0.0051,-0.0322,0.1125,1]},
{"frame":324,"values":[0.9975,-0.0071,-0.0699,0,0.0624,0.5477,0.8343,0,0.0324,-0.8366,0.5468,0,0.0082,-0.0322,0.1259,1]},
{"frame":325,"values":[0.9905,-0.0097,-0.1369,0,0.1198,0.5474,0.8282,0,0.0669,-0.8368,0.5434,0,0.0109,-0.0322,0.1377,1]},
{"frame":326,"values":[0.9827,-0.0028,-0.185,0,0.1562,0.5477,0.8219,0,0.099,-0.8366,0.5387,0,0.0126,-0.0322,0.1454,1]},
{"frame":327,"values":[0.9794,0.0007,-0.2017,0,0.1684,0.5478,0.8195,0,0.1111,-0.8366,0.5364,0,0.0132,-0.0322,0.148,1]},
{"frame":328,"values":[0.9819,-0.0203,-0.1885,0,0.1688,0.5457,0.8208,0,0.0862,-0.8377,0.5392,0,0.0126,-0.0322,0.1429,1]},
{"frame":329,"values":[0.9856,-0.0791,-0.1495,0,0.1684,0.5403,0.8245,0,0.0156,-0.8378,0.5458,0,0.0105,-0.0322,0.1284,1]},
{"frame":330,"values":[0.9836,-0.1528,-0.0958,0,0.1638,0.5339,0.8295,0,-0.0756,-0.8316,0.5502,0,0.0073,-0.0322,0.1099,1]},
{"frame":331,"values":[0.9772,-0.2066,-0.0481,0,0.1531,0.5302,0.8339,0,-0.1468,-0.8223,0.5498,0,0.0035,-0.0322,0.0954,1]},
{"frame":332,"values":[0.9752,-0.2202,-0.0204,0,0.1373,0.5308,0.8363,0,-0.1734,-0.8184,0.5479,0,0,-0.0322,0.0903,1]},
{"frame":333,"values":[0.9843,-0.1753,-0.0229,0,0.115,0.5363,0.8361,0,-0.1343,-0.8256,0.548,0,-0.0027,-0.0322,0.0922,1]},
{"frame":334,"values":[0.9954,-0.0854,-0.0433,0,0.083,0.5438,0.8351,0,-0.0478,-0.8349,0.5484,0,-0.0033,-0.0322,0.0977,1]},
{"frame":335,"values":[0.9988,-0.034,-0.0346,0,0.0476,0.5471,0.8357,0,-0.0095,-0.8364,0.5481,0,-0.0032,-0.0322,0.1042,1]},
{"frame":336,"values":[0.9998,-0.0202,0.0088,0,0.0037,0.548,0.8365,0,-0.0217,-0.8362,0.548,0,-0.0047,-0.0322,0.111,1]},
{"frame":337,"values":[0.9975,-0.0067,0.0708,0,-0.0555,0.5483,0.8345,0,-0.0444,-0.8363,0.5465,0,-0.0066,-0.0322,0.1192,1]},
{"frame":338,"values":[0.9908,0.0029,0.1354,0,-0.1149,0.5479,0.8286,0,-0.0718,-0.8365,0.5432,0,-0.0092,-0.0322,0.1306,1]},
{"frame":339,"values":[0.9828,0.0012,0.1846,0,-0.155,0.5479,0.8221,0,-0.1001,-0.8365,0.5387,0,-0.0121,-0.0322,0.1432,1]},
{"frame":340,"values":[0.9794,-0.0007,0.2017,0,-0.1684,0.5478,0.8195,0,-0.1111,-0.8366,0.5364,0,-0.0132,-0.0322,0.148,1]},
{"frame":341,"values":[0.9837,0.0299,0.1771,0,-0.1646,0.5448,0.8222,0,-0.0719,-0.838,0.5409,0,-0.0114,-0.0322,0.1401,1]},
{"frame":342,"values":[0.9876,0.1104,0.1116,0,-0.1537,0.5382,0.8287,0,0.0314,-0.8356,0.5485,0,-0.0066,-0.0322,0.1192,1]},
{"frame":343,"values":[0.9807,0.1902,0.0455,0,-0.142,0.5326,0.8343,0,0.1344,-0.8247,0.5494,0,-0.0018,-0.0322,0.0983,1]},
{"frame":344,"values":[0.9752,0.2202,0.0204,0,-0.1373,0.5308,0.8363,0,0.1734,-0.8184,0.5479,0,0,-0.0322,0.0903,1]}],"loopBehavior":1,"name":"anim","property":"_matrix"}},
{"name":"lumbares","index":2,"matrix":[0.9997,-0.0084,0.0213,0,-0.0006,0.9199,0.3921,0,-0.0229,-0.3921,0.9197,0,0,0.0899,0,1],"rest":[1,0,0,0,0,0.8881,0.4597,0,0,-0.4597,0.8881,0,0,0.0899,0,1],"parentBoneIndex":1,"length":0.1655
,"animation":{"dataType":3,"framePerSecond":60,"keys":[
{"frame":0,"values":[0.9986,-0.0493,-0.0186,0,0.0524,0.8868,0.4592,0,-0.0061,-0.4596,0.8881,0,0,0.0899,0,1]},
{"frame":1,"values":[0.9986,-0.0466,-0.0266,0,0.0535,0.9028,0.4267,0,0.0041,-0.4275,0.904,0,0,0.0899,0,1]},
{"frame":2,"values":[0.9979,-0.0403,-0.0503,0,0.0547,0.9431,0.3279,0,0.0342,-0.33,0.9434,0,0,0.0899,0,1]},
{"frame":3,"values":[0.9957,-0.0358,-0.0857,0,0.0506,0.9827,0.1783,0,0.0778,-0.1818,0.9802,0,0,0.0899,0,1]},
{"frame":4,"values":[0.992,-0.0366,-0.1211,0,0.0399,0.9989,0.0245,0,0.1201,-0.0292,0.9923,0,0,0.0899,0,1]},
{"frame":5,"values":[0.9886,-0.0404,-0.1452,0,0.0287,0.9962,-0.0819,0,0.148,0.0768,0.986,0,0,0.0899,0,1]},
{"frame":6,"values":[0.9873,-0.0423,-0.1532,0,0.0242,0.9927,-0.1183,0,0.1571,0.1131,0.9811,0,0,0.0899,0,1]},
{"frame":7,"values":[0.9902,-0.0452,-0.1325,0,0.0294,0.9925,-0.1188,0,0.1369,0.1137,0.984,0,0,0.0899,0,1]},
{"frame":8,"values":[0.9956,-0.0515,-0.0778,0,0.042,0.9921,-0.1186,0,0.0833,0.1148,0.9899,0,0,0.0899,0,1]},
{"frame":9,"values":[0.9982,-0.0549,-0.0223,0,0.0519,0.9918,-0.1171,0,0.0285,0.1157,0.9929,0,0,0.0899,0,1]},
{"frame":10,"values":[0.9987,-0.0505,0,0,0.0502,0.992,-0.1156,0,0.0059,0.1154,0.9933,0,0,0.0899,0,1]},
{"frame":11,"values":[0.9993,-0.0381,-0.0005,0,0.0378,0.9935,-0.1073,0,0.0046,0.1072,0.9942,0,0,0.0899,0,1]},
{"frame":12,"values":[0.9998,-0.0202,-0.0043,0,0.0198,0.9965,-0.0811,0,0.0059,0.081,0.9967,0,0,0.0899,0,1]},
{"frame":13,"values":[1,-0.0048,-0.0082,0,0.0045,0.9993,-0.0377,0,0.0084,0.0377,0.9993,0,0,0.0899,0,1]},
{"frame":14,"values":[1,0.0012,-0.0095,0,-0.0011,0.9999,0.0137,0,0.0095,-0.0137,0.9999,0,0,0.0899,0,1]},
{"frame":15,"values":[1,0.0018,-0.0088,0,-0.0011,0.9967,0.0809,0,0.009,-0.0809,0.9967,0,0,0.0899,0,1]},
{"frame":16,"values":[1,0.002,-0.0071,0,-0.0007,0.9848,0.1736,0,0.0074,-0.1736,0.9848,0,0,0.0899,0,1]},
{"frame":17,"values":[1,0.0017,-0.0048,0,-0.0003,0.9611,0.2762,0,0.005,-0.2762,0.9611,0,0,0.0899,0,1]},
{"frame":18,"values":[1,0.001,-0.0025,0,0,0.9312,0.3644,0,0.0027,-0.3644,0.9312,0,0,0.0899,0,1]},
{"frame":19,"values":[1,0.0004,-0.001,0,0,0.9076,0.4198,0,0.0011,-0.4198,0.9076,0,0,0.0899,0,1]},
{"frame":20,"values":[1,0.0002,-0.0005,0,0.0001,0.8991,0.4378,0,0.0005,-0.4378,0.8991,0,0,0.0899,0,1]},
{"frame":32,"values":[1,0.0002,-0.0005,0,0.0001,0.8991,0.4378,0,0.0005,-0.4378,0.8991,0,0,0.0899,0,1]},
{"frame":40,"values":[0.9986,-0.0493,-0.0186,0,0.0524,0.8868,0.4592,0,-0.0061,-0.4596,0.8881,0,0,0.0899,0,1]},
{"frame":41,"values":[0.9989,-0.0431,-0.0165,0,0.0459,0.8881,0.4574,0,-0.0051,-0.4577,0.8891,0,0,0.0899,0,1]},
{"frame":42,"values":[0.9996,-0.0249,-0.0101,0,0.0268,0.8916,0.4521,0,-0.0022,-0.4522,0.8919,0,0,0.0899,0,1]},
{"frame":43,"values":[1,0.0007,-0.0011,0,-0.0001,0.8955,0.4451,0,0.0013,-0.4451,0.8955,0,0,0.0899,0,1]},
{"frame":44,"values":[0.9997,0.0247,0.0078,0,-0.0256,0.8979,0.4394,0,0.0039,-0.4395,0.8983,0,0,0.0899,0,1]},
{"frame":45,"values":[0.9991,0.0406,0.0146,0,-0.0429,0.8983,0.4372,0,0.0046,-0.4374,0.8992,0,0,0.0899,0,1]},
{"frame":46,"values":[0.9979,0.0328,0.0557,0,-0.054,0.8973,0.4381,0,-0.0356,-0.4402,0.8972,0,0,0.0899,0,1]},
{"frame":47,"values":[0.9862,-0.0121,0.165,0,-0.0627,0.8956,0.4404,0,-0.1531,-0.4447,0.8825,0,0,0.0899,0,1]},
{"frame":48,"values":[0.9451,-0.0838,0.3159,0,-0.069,0.8937,0.4434,0,-0.3195,-0.4408,0.8388,0,0,0.0899,0,1]},
{"frame":49,"values":[0.8762,-0.1562,0.456,0,-0.0731,0.8921,0.4459,0,-0.4764,-0.424,0.7702,0,0,0.0899,0,1]},
{"frame":50,"values":[0.8137,-0.2046,0.5441,0,-0.0752,0.8911,0.4476,0,-0.5764,-0.4051,0.7097,0,0,0.0899,0,1]},
{"frame":51,"values":[0.7898,-0.2207,0.5723,0,-0.0758,0.8907,0.4482,0,-0.6087,-0.3973,0.6868,0,0,0.0899,0,1]},
{"frame":52,"values":[0.8417,-0.1851,0.5073,0,-0.0734,0.8914,0.4471,0,-0.535,-0.4136,0.7367,0,0,0.0899,0,1]},
{"frame":53,"values":[0.9453,-0.0863,0.3147,0,-0.0662,0.8937,0.4438,0,-0.3195,-0.4404,0.839,0,0,0.0899,0,1]},
{"frame":54,"values":[0.9948,0.012,0.1013,0,-0.0556,0.8966,0.4393,0,-0.0856,-0.4427,0.8926,0,0,0.0899,0,1]},
{"frame":55,"values":[0.9991,0.0406,0.0146,0,-0.0429,0.8983,0.4372,0,0.0046,-0.4374,0.8992,0,0,0.0899,0,1]},
{"frame":56,"values":[0.9997,0.0239,0.0074,0,-0.0247,0.8979,0.4394,0,0.0039,-0.4395,0.8983,0,0,0.0899,0,1]},
{"frame":57,"values":[1,-0.0003,-0.0016,0,0.001,0.8955,0.4451,0,0.0013,-0.4451,0.8955,0,0,0.0899,0,1]},
{"frame":58,"values":[0.9996,-0.0255,-0.0105,0,0.0275,0.8916,0.4521,0,-0.0022,-0.4522,0.8919,0,0,0.0899,0,1]},
